4 4 32 0 0.005472
4 4 64 0 0.004224
4 4 128 0 0.004192
4 4 256 0 0.004192
4 4 512 0 0.004192
4 4 1024 0 0.004192
4 16 32 0 0.004224
4 16 64 0 0.00416
4 16 128 0 0.00432
4 16 256 0 0.004224
4 16 512 0 0.004192
4 16 1024 0 0.00416
4 64 32 0 0.005472
4 64 64 0 0.00544
4 64 128 0 0.005344
4 64 256 0 0.005472
4 64 512 0 0.00544
4 64 1024 0 0.004928
4 256 32 0 0.007936
4 256 64 0 0.009984
4 256 128 0 0.007904
4 256 256 0 0.011264
4 256 512 0 0.011936
4 256 1024 0 0.011072
4 1024 32 0 0.022976
4 1024 64 0 0.027232
4 1024 128 0 0.027232
4 1024 256 0 0.02736
4 1024 512 0 0.027264
4 1024 1024 0 0.0272
16 4 32 0 0.004384
16 4 64 0 0.004288
16 4 128 0 0.004608
16 4 256 0 0.004576
16 4 512 0 0.004608
16 4 1024 0 0.004544
16 16 32 0 0.004608
16 16 64 0 0.00464
16 16 128 0 0.004576
16 16 256 0 0.004544
16 16 512 0 0.004672
16 16 1024 0 0.011648
16 64 32 0 0.010048
16 64 64 0 0.005888
16 64 128 0 0.00592
16 64 256 0 0.011232
16 64 512 0 0.01072
16 64 1024 0 0.01024
16 256 32 0 0.01408
16 256 64 0 0.0144
16 256 128 0 0.01408
16 256 256 0 0.013632
16 256 512 0 0.011232
16 256 1024 0 0.015264
16 1024 32 0 0.027168
16 1024 64 0 0.02592
16 1024 128 0 0.029216
16 1024 256 0 0.03104
16 1024 512 0 0.027936
16 1024 1024 0 0.028544
64 4 32 0 0.010176
64 4 64 0 0.009248
64 4 128 0 0.009056
64 4 256 0 0.008512
64 4 512 0 0.009696
64 4 1024 0 0.009312
64 16 32 0 0.009696
64 16 64 0 0.008992
64 16 128 0 0.009376
64 16 256 0 0.010048
64 16 512 0 0.004512
64 16 1024 0 0.004448
64 64 32 0 0.006272
64 64 64 0 0.007104
64 64 128 0 0.0072
64 64 256 0 0.00704
64 64 512 0 0.007392
64 64 1024 0 0.00704
64 256 32 0 0.01344
64 256 64 0 0.014592
64 256 128 0 0.014592
64 256 256 0 0.014592
64 256 512 0 0.015552
64 256 1024 0 0.015328
64 1024 32 0 2.2536
64 1024 64 0 2.30669
64 1024 128 0 2.30314
64 1024 256 0 2.28602
64 1024 512 0 2.25667
64 1024 1024 0 2.28752
256 4 32 0 0.004672
256 4 64 0 0.004256
256 4 128 0 0.004256
256 4 256 0 0.004448
256 4 512 0 0.00448
256 4 1024 0 0.004544
256 16 32 0 0.004576
256 16 64 0 0.004704
256 16 128 0 0.005024
256 16 256 0 0.005632
256 16 512 0 0.005632
256 16 1024 0 0.005536
256 64 32 0 0.006528
256 64 64 0 0.00736
256 64 128 0 0.00976
256 64 256 0 0.014784
256 64 512 0 0.014912
256 64 1024 0 0.014784
256 256 32 0 2.21715
256 256 64 0 2.20259
256 256 128 0 2.27178
256 256 256 0 2.29363
256 256 512 0 2.29462
256 256 1024 0 2.28275
256 1024 32 0 2.07664
256 1024 64 0 2.1113
256 1024 128 0 2.12083
256 1024 256 0 2.24262
256 1024 512 0 0.919872
256 1024 1024 0 0.377216
1024 4 32 0 0.004448
1024 4 64 0 0.00912
1024 4 128 0 0.010624
1024 4 256 0 0.008608
1024 4 512 0 0.008224
1024 4 1024 0 0.008192
1024 16 32 0 0.007968
1024 16 64 0 0.008704
1024 16 128 0 0.008704
1024 16 256 0 0.008736
1024 16 512 0 0.00672
1024 16 1024 0 0.009824
1024 64 32 0 2.22579
1024 64 64 0 2.25386
1024 64 128 0 2.22797
1024 64 256 0 2.24563
1024 64 512 0 2.25747
1024 64 1024 0 2.30941
1024 256 32 0 2.10858
1024 256 64 0 2.10586
1024 256 128 0 0.03632
1024 256 256 0 2.1745
1024 256 512 0 0.985728
1024 256 1024 0 2.33395
1024 1024 32 0 1.01046
1024 1024 64 0 0.06256
1024 1024 128 0 0.7
1024 1024 256 0 0.20672
1024 1024 512 0 0.333888
1024 1024 1024 0 2.55485