1024 32 0.024704
1024 64 0.008896
1024 128 0.008192
1024 256 0.006592
1024 512 0.00752
1024 1024 0.006528
8192 32 0.007136
8192 64 0.005568
8192 128 0.005696
8192 256 0.0056
8192 512 0.006048
8192 1024 0.006112
65536 32 0.012064
65536 64 0.009152
65536 128 0.008864
65536 256 0.007712
65536 512 0.008736
65536 1024 0.008672
524288 32 0.022528
524288 64 0.017824
524288 128 0.01664
524288 256 0.016288
524288 512 0.016832
524288 1024 0.016768
4194304 32 0.134848
4194304 64 0.091008
4194304 128 0.093152
4194304 256 0.0912
4194304 512 0.096384
4194304 1024 0.093536