1024 32 0.028096
1024 64 0.016512
1024 128 0.013664
1024 256 0.014176
1024 512 0.014656
1024 1024 0.017568
8192 32 0.012064
8192 64 0.013312
8192 128 0.012288
8192 256 0.013312
8192 512 0.01344
8192 1024 0.017888
65536 32 0.030336
65536 64 0.020096
65536 128 0.020736
65536 256 0.02128
65536 512 0.02224
65536 1024 0.021056
524288 32 0.131168
524288 64 0.071872
524288 128 0.052576
524288 256 0.059936
524288 512 0.064384
524288 1024 0.082304
4194304 32 0.935072
4194304 64 0.470144
4194304 128 0.316128
4194304 256 0.349344
4194304 512 0.404256
4194304 1024 0.530208