1024 32 0.019168
1024 64 0.011328
1024 128 0.009216
1024 256 0.0088
1024 512 0.009696
1024 1024 0.010048
8192 32 0.007072
8192 64 0.007744
8192 128 0.008448
8192 256 0.007936
8192 512 0.008448
8192 1024 0.009344
65536 32 0.017824
65536 64 0.012768
65536 128 0.01088
65536 256 0.015776
65536 512 0.010688
65536 1024 0.011456
524288 32 0.045248
524288 64 0.028768
524288 128 0.02144
524288 256 0.022144
524288 512 0.02528
524288 1024 0.033408
4194304 32 0.312416
4194304 64 0.164448
4194304 128 0.114272
4194304 256 0.12448
4194304 512 0.143648
4194304 1024 0.18752