4 4 4 4 4 4 0 0.015264
4 4 4 4 8 8 0 0.010656
4 4 4 4 16 16 0 0.008704
4 4 4 4 32 32 0 0.01088
4 4 4 16 4 4 0 0.008384
4 4 4 16 8 8 0 0.007136
4 4 4 16 16 16 0 0.00784
4 4 4 16 32 32 0 0.01088
4 4 4 64 4 4 0 0.008544
4 4 4 64 8 8 0 0.007584
4 4 4 64 16 16 0 0.008192
4 4 4 64 32 32 0 0.010752
4 4 4 256 4 4 0 0.00752
4 4 4 256 8 8 0 0.007968
4 4 4 256 16 16 0 0.00784
4 4 4 256 32 32 0 0.010944
4 4 4 1024 4 4 0 0.008608
4 4 4 1024 8 8 0 0.007936
4 4 4 1024 16 16 0 0.008192
4 4 4 1024 32 32 0 0.011328
4 16 16 4 4 4 0 0.0088
4 16 16 4 8 8 0 0.007712
4 16 16 4 16 16 0 0.00784
4 16 16 4 32 32 0 0.010784
4 16 16 16 4 4 0 0.008768
4 16 16 16 8 8 0 0.007968
4 16 16 16 16 16 0 0.00784
4 16 16 16 32 32 0 0.011264
4 16 16 64 4 4 0 0.008544
4 16 16 64 8 8 0 0.008
4 16 16 64 16 16 0 0.007616
4 16 16 64 32 32 0 0.010624
4 16 16 256 4 4 0 0.01936
4 16 16 256 8 8 0 0.008032
4 16 16 256 16 16 0 0.008128
4 16 16 256 32 32 0 0.011072
4 16 16 1024 4 4 0 0.009344
4 16 16 1024 8 8 0 0.00864
4 16 16 1024 16 16 0 0.00912
4 16 16 1024 32 32 0 0.01184
4 64 64 4 4 4 0 0.015808
4 64 64 4 8 8 0 0.01088
4 64 64 4 16 16 0 0.010624
4 64 64 4 32 32 0 0.014752
4 64 64 16 4 4 0 0.015456
4 64 64 16 8 8 0 0.010944
4 64 64 16 16 16 0 0.010624
4 64 64 16 32 32 0 0.014912
4 64 64 64 4 4 0 0.01488
4 64 64 64 8 8 0 0.01104
4 64 64 64 16 16 0 0.011616
4 64 64 64 32 32 0 0.01488
4 64 64 256 4 4 0 0.015392
4 64 64 256 8 8 0 0.011776
4 64 64 256 16 16 0 0.010944
4 64 64 256 32 32 0 0.016256
4 64 64 1024 4 4 0 0.016448
4 64 64 1024 8 8 0 0.013344
4 64 64 1024 16 16 0 0.011616
4 64 64 1024 32 32 0 0.016544
4 256 256 4 4 4 0 0.040544
4 256 256 4 8 8 0 0.025472
4 256 256 4 16 16 0 0.022336
4 256 256 4 32 32 0 0.039904
4 256 256 16 4 4 0 0.039616
4 256 256 16 8 8 0 0.024576
4 256 256 16 16 16 0 0.022144
4 256 256 16 32 32 0 0.039328
4 256 256 64 4 4 0 0.040032
4 256 256 64 8 8 0 0.024928
4 256 256 64 16 16 0 0.02208
4 256 256 64 32 32 0 0.040064
4 256 256 256 4 4 0 0.041472
4 256 256 256 8 8 0 0.03296
4 256 256 256 16 16 0 0.023136
4 256 256 256 32 32 0 0.040992
4 256 256 1024 4 4 0 0.043104
4 256 256 1024 8 8 0 0.028672
4 256 256 1024 16 16 0 0.024352
4 256 256 1024 32 32 0 0.042496
4 1024 1024 4 4 4 0 0.139232
4 1024 1024 4 8 8 0 0.076928
4 1024 1024 4 16 16 0 0.067776
4 1024 1024 4 32 32 0 0.137664
4 1024 1024 16 4 4 0 0.138016
4 1024 1024 16 8 8 0 0.07664
4 1024 1024 16 16 16 0 0.068928
4 1024 1024 16 32 32 0 0.137216
4 1024 1024 64 4 4 0 0.140288
4 1024 1024 64 8 8 0 0.079264
4 1024 1024 64 16 16 0 0.068992
4 1024 1024 64 32 32 0 0.138048
4 1024 1024 256 4 4 0 0.142176
4 1024 1024 256 8 8 0 0.07824
4 1024 1024 256 16 16 0 0.068192
4 1024 1024 256 32 32 0 0.136896
4 1024 1024 1024 4 4 0 0.1488
4 1024 1024 1024 8 8 0 0.09248
4 1024 1024 1024 16 16 0 0.076864
4 1024 1024 1024 32 32 0 0.158208
16 4 4 4 4 4 0 0.025888
16 4 4 4 8 8 0 0.009472
16 4 4 4 16 16 0 0.009504
16 4 4 4 32 32 0 0.01216
16 4 4 16 4 4 0 0.009376
16 4 4 16 8 8 0 0.011008
16 4 4 16 16 16 0 0.01152
16 4 4 16 32 32 0 0.02048
16 4 4 64 4 4 0 0.012736
16 4 4 64 8 8 0 0.012576
16 4 4 64 16 16 0 0.011072
16 4 4 64 32 32 0 0.01376
16 4 4 256 4 4 0 0.01152
16 4 4 256 8 8 0 0.012416
16 4 4 256 16 16 0 0.011488
16 4 4 256 32 32 0 0.014528
16 4 4 1024 4 4 0 0.011616
16 4 4 1024 8 8 0 0.018144
16 4 4 1024 16 16 0 0.017088
16 4 4 1024 32 32 0 0.01904
16 16 16 4 4 4 0 0.015072
16 16 16 4 8 8 0 0.01056
16 16 16 4 16 16 0 0.011232
16 16 16 4 32 32 0 0.017024
16 16 16 16 4 4 0 0.028
16 16 16 16 8 8 0 0.014432
16 16 16 16 16 16 0 0.01152
16 16 16 16 32 32 0 0.013152
16 16 16 64 4 4 0 0.011104
16 16 16 64 8 8 0 0.00992
16 16 16 64 16 16 0 0.010496
16 16 16 64 32 32 0 0.013152
16 16 16 256 4 4 0 0.011968
16 16 16 256 8 8 0 0.0104
16 16 16 256 16 16 0 0.00976
16 16 16 256 32 32 0 0.01296
16 16 16 1024 4 4 0 0.008864
16 16 16 1024 8 8 0 0.008672
16 16 16 1024 16 16 0 0.008384
16 16 16 1024 32 32 0 0.011328
16 64 64 4 4 4 0 0.016352
16 64 64 4 8 8 0 0.011776
16 64 64 4 16 16 0 0.012448
16 64 64 4 32 32 0 0.01552
16 64 64 16 4 4 0 0.015904
16 64 64 16 8 8 0 0.012224
16 64 64 16 16 16 0 0.012448
16 64 64 16 32 32 0 0.015328
16 64 64 64 4 4 0 0.016288
16 64 64 64 8 8 0 0.013344
16 64 64 64 16 16 0 0.013248
16 64 64 64 32 32 0 0.01696
16 64 64 256 4 4 0 0.01872
16 64 64 256 8 8 0 0.013184
16 64 64 256 16 16 0 0.014848
16 64 64 256 32 32 0 0.017536
16 64 64 1024 4 4 0 0.01968
16 64 64 1024 8 8 0 0.012864
16 64 64 1024 16 16 0 0.009856
16 64 64 1024 32 32 0 0.015328
16 256 256 4 4 4 0 0.041728
16 256 256 4 8 8 0 0.025184
16 256 256 4 16 16 0 0.022432
16 256 256 4 32 32 0 0.039488
16 256 256 16 4 4 0 0.03936
16 256 256 16 8 8 0 0.024672
16 256 256 16 16 16 0 0.022016
16 256 256 16 32 32 0 0.039232
16 256 256 64 4 4 0 0.040224
16 256 256 64 8 8 0 0.025344
16 256 256 64 16 16 0 0.023488
16 256 256 64 32 32 0 0.040064
16 256 256 256 4 4 0 0.042976
16 256 256 256 8 8 0 0.034816
16 256 256 256 16 16 0 0.02848
16 256 256 256 32 32 0 0.047072
16 256 256 1024 4 4 0 0.058176
16 256 256 1024 8 8 0 0.0456
16 256 256 1024 16 16 0 0.037472
16 256 256 1024 32 32 0 0.055296
16 1024 1024 4 4 4 0 0.150688
16 1024 1024 4 8 8 0 0.078944
16 1024 1024 4 16 16 0 0.06768
16 1024 1024 4 32 32 0 0.135872
16 1024 1024 16 4 4 0 0.136416
16 1024 1024 16 8 8 0 0.077888
16 1024 1024 16 16 16 0 0.068224
16 1024 1024 16 32 32 0 0.135744
16 1024 1024 64 4 4 0 0.138912
16 1024 1024 64 8 8 0 0.077824
16 1024 1024 64 16 16 0 0.074944
16 1024 1024 64 32 32 0 0.139488
16 1024 1024 256 4 4 0 0.144768
16 1024 1024 256 8 8 0 0.09136
16 1024 1024 256 16 16 0 0.082016
16 1024 1024 256 32 32 0 0.149984
16 1024 1024 1024 4 4 0 0.191104
16 1024 1024 1024 8 8 0 0.1048
16 1024 1024 1024 16 16 0 0.087712
16 1024 1024 1024 32 32 0 0.13872
64 4 4 4 4 4 0 0.010848
64 4 4 4 8 8 0 0.008352
64 4 4 4 16 16 0 0.007712
64 4 4 4 32 32 0 0.010944
64 4 4 16 4 4 0 0.008224
64 4 4 16 8 8 0 0.007136
64 4 4 16 16 16 0 0.007616
64 4 4 16 32 32 0 0.01104
64 4 4 64 4 4 0 0.007136
64 4 4 64 8 8 0 0.006752
64 4 4 64 16 16 0 0.007936
64 4 4 64 32 32 0 0.01136
64 4 4 256 4 4 0 0.005728
64 4 4 256 8 8 0 0.005536
64 4 4 256 16 16 0 0.008352
64 4 4 256 32 32 0 0.009728
64 4 4 1024 4 4 0 0.013152
64 4 4 1024 8 8 0 0.00864
64 4 4 1024 16 16 0 0.009504
64 4 4 1024 32 32 0 0.010752
64 16 16 4 4 4 0 0.010304
64 16 16 4 8 8 0 0.008128
64 16 16 4 16 16 0 0.00752
64 16 16 4 32 32 0 0.010624
64 16 16 16 4 4 0 0.008352
64 16 16 16 8 8 0 0.00752
64 16 16 16 16 16 0 0.007808
64 16 16 16 32 32 0 0.010688
64 16 16 64 4 4 0 0.009184
64 16 16 64 8 8 0 0.007744
64 16 16 64 16 16 0 0.007776
64 16 16 64 32 32 0 0.010624
64 16 16 256 4 4 0 0.007456
64 16 16 256 8 8 0 0.006048
64 16 16 256 16 16 0 0.00544
64 16 16 256 32 32 0 0.008192
64 16 16 1024 4 4 0 0.018016
64 16 16 1024 8 8 0 0.010912
64 16 16 1024 16 16 0 0.009504
64 16 16 1024 32 32 0 0.011168
64 64 64 4 4 4 0 0.016448
64 64 64 4 8 8 0 0.011744
64 64 64 4 16 16 0 0.013184
64 64 64 4 32 32 0 0.015456
64 64 64 16 4 4 0 0.014432
64 64 64 16 8 8 0 0.010944
64 64 64 16 16 16 0 0.010208
64 64 64 16 32 32 0 0.014624
64 64 64 64 4 4 0 0.01504
64 64 64 64 8 8 0 0.011456
64 64 64 64 16 16 0 0.010784
64 64 64 64 32 32 0 0.015328
64 64 64 256 4 4 0 0.015296
64 64 64 256 8 8 0 0.009568
64 64 64 256 16 16 0 0.00832
64 64 64 256 32 32 0 0.01248
64 64 64 1024 4 4 0 0.049216
64 64 64 1024 8 8 0 0.020928
64 64 64 1024 16 16 0 0.017024
64 64 64 1024 32 32 0 0.016384
64 256 256 4 4 4 0 0.040544
64 256 256 4 8 8 0 0.024384
64 256 256 4 16 16 0 0.02176
64 256 256 4 32 32 0 0.038752
64 256 256 16 4 4 0 0.038848
64 256 256 16 8 8 0 0.024064
64 256 256 16 16 16 0 0.021664
64 256 256 16 32 32 0 0.038592
64 256 256 64 4 4 0 0.040256
64 256 256 64 8 8 0 0.025344
64 256 256 64 16 16 0 0.022592
64 256 256 64 32 32 0 0.039232
64 256 256 256 4 4 0 0.047808
64 256 256 256 8 8 0 0.02608
64 256 256 256 16 16 0 0.020288
64 256 256 256 32 32 0 0.03824
64 256 256 1024 4 4 0 0.17072
64 256 256 1024 8 8 0 0.06032
64 256 256 1024 16 16 0 0.049664
64 256 256 1024 32 32 0 0.043296
64 1024 1024 4 4 4 0 0.13696
64 1024 1024 4 8 8 0 0.07776
64 1024 1024 4 16 16 0 0.067168
64 1024 1024 4 32 32 0 0.135808
64 1024 1024 16 4 4 0 0.138784
64 1024 1024 16 8 8 0 0.077728
64 1024 1024 16 16 16 0 0.068608
64 1024 1024 16 32 32 0 0.136256
64 1024 1024 64 4 4 0 0.139168
64 1024 1024 64 8 8 0 0.079328
64 1024 1024 64 16 16 0 0.070368
64 1024 1024 64 32 32 0 0.138464
64 1024 1024 256 4 4 0 0.172768
64 1024 1024 256 8 8 0 0.091168
64 1024 1024 256 16 16 0 0.068832
64 1024 1024 256 32 32 0 0.137152
64 1024 1024 1024 4 4 0 0.648512
64 1024 1024 1024 8 8 0 0.212
64 1024 1024 1024 16 16 0 0.166624
64 1024 1024 1024 32 32 0 0.14816
256 4 4 4 4 4 0 0.026944
256 4 4 4 8 8 0 0.008704
256 4 4 4 16 16 0 0.0232
256 4 4 4 32 32 0 0.011232
256 4 4 16 4 4 0 0.008288
256 4 4 16 8 8 0 0.007488
256 4 4 16 16 16 0 0.008448
256 4 4 16 32 32 0 0.010784
256 4 4 64 4 4 0 0.005728
256 4 4 64 8 8 0 0.00528
256 4 4 64 16 16 0 0.00704
256 4 4 64 32 32 0 0.00864
256 4 4 256 4 4 0 0.013632
256 4 4 256 8 8 0 0.01472
256 4 4 256 16 16 0 0.012736
256 4 4 256 32 32 0 0.012928
256 4 4 1024 4 4 0 0.029184
256 4 4 1024 8 8 0 0.019456
256 4 4 1024 16 16 0 0.021728
256 4 4 1024 32 32 0 0.03024
256 16 16 4 4 4 0 0.022912
256 16 16 4 8 8 0 0.01008
256 16 16 4 16 16 0 0.008384
256 16 16 4 32 32 0 0.011488
256 16 16 16 4 4 0 0.010528
256 16 16 16 8 8 0 0.02368
256 16 16 16 16 16 0 0.011104
256 16 16 16 32 32 0 0.012064
256 16 16 64 4 4 0 0.009088
256 16 16 64 8 8 0 0.027584
256 16 16 64 16 16 0 0.006592
256 16 16 64 32 32 0 0.009472
256 16 16 256 4 4 0 0.020768
256 16 16 256 8 8 0 0.01232
256 16 16 256 16 16 0 0.008928
256 16 16 256 32 32 0 0.010304
256 16 16 1024 4 4 0 0.0544
256 16 16 1024 8 8 0 0.025952
256 16 16 1024 16 16 0 0.020288
256 16 16 1024 32 32 0 0.027168
256 64 64 4 4 4 0 0.028832
256 64 64 4 8 8 0 0.01216
256 64 64 4 16 16 0 0.0104
256 64 64 4 32 32 0 0.015328
256 64 64 16 4 4 0 0.01568
256 64 64 16 8 8 0 0.01216
256 64 64 16 16 16 0 0.011168
256 64 64 16 32 32 0 0.015616
256 64 64 64 4 4 0 0.015424
256 64 64 64 8 8 0 0.012352
256 64 64 64 16 16 0 0.008928
256 64 64 64 32 32 0 0.013984
256 64 64 256 4 4 0 0.051648
256 64 64 256 8 8 0 0.022976
256 64 64 256 16 16 0 0.018464
256 64 64 256 32 32 0 0.016928
256 64 64 1024 4 4 0 0.171744
256 64 64 1024 8 8 0 0.060096
256 64 64 1024 16 16 0 0.047648
256 64 64 1024 32 32 0 0.04704
256 256 256 4 4 4 0 0.054208
256 256 256 4 8 8 0 0.026528
256 256 256 4 16 16 0 0.022528
256 256 256 4 32 32 0 0.03952
256 256 256 16 4 4 0 0.040832
256 256 256 16 8 8 0 0.025632
256 256 256 16 16 16 0 0.021984
256 256 256 16 32 32 0 0.040256
256 256 256 64 4 4 0 0.048416
256 256 256 64 8 8 0 0.031904
256 256 256 64 16 16 0 0.026176
256 256 256 64 32 32 0 0.0432
256 256 256 256 4 4 0 0.176096
256 256 256 256 8 8 0 0.0576
256 256 256 256 16 16 0 0.047808
256 256 256 256 32 32 0 0.04672
256 256 256 1024 4 4 0 0.624352
256 256 256 1024 8 8 0 0.196064
256 256 256 1024 16 16 0 0.144672
256 256 256 1024 32 32 0 0.147712
256 1024 1024 4 4 4 0 0.137408
256 1024 1024 4 8 8 0 0.077312
256 1024 1024 4 16 16 0 0.06784
256 1024 1024 4 32 32 0 0.136064
256 1024 1024 16 4 4 0 0.14112
256 1024 1024 16 8 8 0 0.078144
256 1024 1024 16 16 16 0 0.068768
256 1024 1024 16 32 32 0 0.136608
256 1024 1024 64 4 4 0 0.173152
256 1024 1024 64 8 8 0 0.0912
256 1024 1024 64 16 16 0 0.06848
256 1024 1024 64 32 32 0 0.136864
256 1024 1024 256 4 4 0 0.64384
256 1024 1024 256 8 8 0 0.206656
256 1024 1024 256 16 16 0 0.163456
256 1024 1024 256 32 32 0 0.145568
256 1024 1024 1024 4 4 0 2.47395
256 1024 1024 1024 8 8 0 0.723328
256 1024 1024 1024 16 16 0 0.555776
256 1024 1024 1024 32 32 0 0.54256
1024 4 4 4 4 4 0 0.017248
1024 4 4 4 8 8 0 0.008224
1024 4 4 4 16 16 0 0.007968
1024 4 4 4 32 32 0 0.010208
1024 4 4 16 4 4 0 0.005792
1024 4 4 16 8 8 0 0.005248
1024 4 4 16 16 16 0 0.005376
1024 4 4 16 32 32 0 0.009088
1024 4 4 64 4 4 0 0.013152
1024 4 4 64 8 8 0 0.01568
1024 4 4 64 16 16 0 0.008512
1024 4 4 64 32 32 0 0.011968
1024 4 4 256 4 4 0 0.025632
1024 4 4 256 8 8 0 0.014688
1024 4 4 256 16 16 0 0.01792
1024 4 4 256 32 32 0 0.02528
1024 4 4 1024 4 4 0 0.080864
1024 4 4 1024 8 8 0 0.039264
1024 4 4 1024 16 16 0 0.050976
1024 4 4 1024 32 32 0 0.085344
1024 16 16 4 4 4 0 0.0104
1024 16 16 4 8 8 0 0.009984
1024 16 16 4 16 16 0 0.009888
1024 16 16 4 32 32 0 0.011968
1024 16 16 16 4 4 0 0.008
1024 16 16 16 8 8 0 0.006464
1024 16 16 16 16 16 0 0.006624
1024 16 16 16 32 32 0 0.01392
1024 16 16 64 4 4 0 0.023232
1024 16 16 64 8 8 0 0.011136
1024 16 16 64 16 16 0 0.008928
1024 16 16 64 32 32 0 0.018016
1024 16 16 256 4 4 0 0.049408
1024 16 16 256 8 8 0 0.020192
1024 16 16 256 16 16 0 0.017824
1024 16 16 256 32 32 0 0.025408
1024 16 16 1024 4 4 0 0.173472
1024 16 16 1024 8 8 0 0.060768
1024 16 16 1024 16 16 0 0.052864
1024 16 16 1024 32 32 0 0.085312
1024 64 64 4 4 4 0 0.01664
1024 64 64 4 8 8 0 0.012224
1024 64 64 4 16 16 0 0.01104
1024 64 64 4 32 32 0 0.015328
1024 64 64 16 4 4 0 0.014816
1024 64 64 16 8 8 0 0.011328
1024 64 64 16 16 16 0 0.00912
1024 64 64 16 32 32 0 0.012896
1024 64 64 64 4 4 0 0.050144
1024 64 64 64 8 8 0 0.020288
1024 64 64 64 16 16 0 0.023616
1024 64 64 64 32 32 0 0.015456
1024 64 64 256 4 4 0 0.16768
1024 64 64 256 8 8 0 0.056288
1024 64 64 256 16 16 0 0.044928
1024 64 64 256 32 32 0 0.043968
1024 64 64 1024 4 4 0 0.622752
1024 64 64 1024 8 8 0 0.193952
1024 64 64 1024 16 16 0 0.141376
1024 64 64 1024 32 32 0 0.144544
1024 256 256 4 4 4 0 0.054304
1024 256 256 4 8 8 0 0.028896
1024 256 256 4 16 16 0 0.023744
1024 256 256 4 32 32 0 0.041216
1024 256 256 16 4 4 0 0.044192
1024 256 256 16 8 8 0 0.028736
1024 256 256 16 16 16 0 0.020864
1024 256 256 16 32 32 0 0.03792
1024 256 256 64 4 4 0 0.173344
1024 256 256 64 8 8 0 0.05904
1024 256 256 64 16 16 0 0.045568
1024 256 256 64 32 32 0 0.040896
1024 256 256 256 4 4 0 0.632064
1024 256 256 256 8 8 0 0.196096
1024 256 256 256 16 16 0 0.151008
1024 256 256 256 32 32 0 0.147104
1024 256 256 1024 4 4 0 2.41603
1024 256 256 1024 8 8 0 0.70064
1024 256 256 1024 16 16 0 0.524608
1024 256 256 1024 32 32 0 0.54112
1024 1024 1024 4 4 4 0 0.149088
1024 1024 1024 4 8 8 0 0.088
1024 1024 1024 4 16 16 0 0.070496
1024 1024 1024 4 32 32 0 0.13984
1024 1024 1024 16 4 4 0 0.161568
1024 1024 1024 16 8 8 0 0.089728
1024 1024 1024 16 16 16 0 0.069888
1024 1024 1024 16 32 32 0 0.136544
1024 1024 1024 64 4 4 0 0.645696
1024 1024 1024 64 8 8 0 0.212096
1024 1024 1024 64 16 16 0 0.16512
1024 1024 1024 64 32 32 0 0.148992
1024 1024 1024 256 4 4 0 2.50163
1024 1024 1024 256 8 8 0 0.72368
1024 1024 1024 256 16 16 0 0.55728
1024 1024 1024 256 32 32 0 0.544256
1024 1024 1024 1024 4 4 0 9.60176
1024 1024 1024 1024 8 8 0 2.74291
1024 1024 1024 1024 16 16 0 2.0376
1024 1024 1024 1024 32 32 0 2.10483