4 4 4 4 0 0.017856
4 4 8 8 0 0.011456
4 4 16 16 0 0.009792
4 4 32 32 0 0.009376
4 16 4 4 0 0.009536
4 16 8 8 0 0.008864
4 16 16 16 0 0.008064
4 16 32 32 0 0.008544
4 64 4 4 0 0.008
4 64 8 8 0 0.00832
4 64 16 16 0 0.008512
4 64 32 32 0 0.008704
4 256 4 4 0 0.008224
4 256 8 8 0 0.008576
4 256 16 16 0 0.00832
4 256 32 32 0 0.008736
4 1024 4 4 0 0.008448
4 1024 8 8 0 0.00848
4 1024 16 16 0 0.009376
4 1024 32 32 0 0.008928
16 4 4 4 0 0.009184
16 4 8 8 0 0.008192
16 4 16 16 0 0.008224
16 4 32 32 0 0.008416
16 16 4 4 0 0.008704
16 16 8 8 0 0.008256
16 16 16 16 0 0.008544
16 16 32 32 0 0.009056
16 64 4 4 0 0.00992
16 64 8 8 0 0.008512
16 64 16 16 0 0.008672
16 64 32 32 0 0.008384
16 256 4 4 0 0.008384
16 256 8 8 0 0.00912
16 256 16 16 0 0.008544
16 256 32 32 0 0.00848
16 1024 4 4 0 0.014016
16 1024 8 8 0 0.005952
16 1024 16 16 0 0.005888
16 1024 32 32 0 0.005888
64 4 4 4 0 0.010208
64 4 8 8 0 0.009312
64 4 16 16 0 0.008032
64 4 32 32 0 0.0088
64 16 4 4 0 0.00832
64 16 8 8 0 0.009024
64 16 16 16 0 0.00864
64 16 32 32 0 0.00896
64 64 4 4 0 0.008736
64 64 8 8 0 0.008128
64 64 16 16 0 0.0088
64 64 32 32 0 0.009184
64 256 4 4 0 0.01392
64 256 8 8 0 0.014336
64 256 16 16 0 0.014016
64 256 32 32 0 0.013472
64 1024 4 4 0 0.01168
64 1024 8 8 0 0.009504
64 1024 16 16 0 0.00832
64 1024 32 32 0 0.00912
256 4 4 4 0 0.00944
256 4 8 8 0 0.008448
256 4 16 16 0 0.007424
256 4 32 32 0 0.008608
256 16 4 4 0 0.00832
256 16 8 8 0 0.00864
256 16 16 16 0 0.007808
256 16 32 32 0 0.008448
256 64 4 4 0 0.014112
256 64 8 8 0 0.01376
256 64 16 16 0 0.012928
256 64 32 32 0 0.006048
256 256 4 4 0 0.010752
256 256 8 8 0 0.00912
256 256 16 16 0 0.008512
256 256 32 32 0 0.008608
256 1024 4 4 0 0.019808
256 1024 8 8 0 0.013088
256 1024 16 16 0 0.013376
256 1024 32 32 0 0.012832
1024 4 4 4 0 0.006272
1024 4 8 8 0 0.013216
1024 4 16 16 0 0.012544
1024 4 32 32 0 0.011808
1024 16 4 4 0 0.014016
1024 16 8 8 0 0.012384
1024 16 16 16 0 0.012512
1024 16 32 32 0 0.012992
1024 64 4 4 0 0.010912
1024 64 8 8 0 0.009088
1024 64 16 16 0 0.007872
1024 64 32 32 0 0.007776
1024 256 4 4 0 0.023392
1024 256 8 8 0 0.014592
1024 256 16 16 0 0.012224
1024 256 32 32 0 0.012928
1024 1024 4 4 0 0.062048
1024 1024 8 8 0 0.031968
1024 1024 16 16 0 0.030048
1024 1024 32 32 0 0.030496