1024 32 0.031072
1024 64 0.017536
1024 128 0.01568
1024 256 0.017952
1024 512 0.015584
1024 1024 0.017376
8192 32 0.014208
8192 64 0.015232
8192 128 0.014048
8192 256 0.016064
8192 512 0.014688
8192 1024 0.016064
65536 32 0.023776
65536 64 0.019744
65536 128 0.017344
65536 256 0.020064
65536 512 0.01648
65536 1024 0.022976
524288 32 0.066848
524288 64 0.043424
524288 128 0.033696
524288 256 0.034304
524288 512 0.037632
524288 1024 0.042624
4194304 32 0.44928
4194304 64 0.26064
4194304 128 0.199616
4194304 256 0.215776
4194304 512 0.237536
4194304 1024 0.279648