1024 32 0.017376
1024 64 0.009024
1024 128 0.008
1024 256 0.00688
1024 512 0.007584
1024 1024 0.006688
8192 32 0.006368
8192 64 0.005888
8192 128 0.005984
8192 256 0.005344
8192 512 0.006144
8192 1024 0.005952
65536 32 0.012736
65536 64 0.00896
65536 128 0.008576
65536 256 0.007936
65536 512 0.007072
65536 1024 0.011488
524288 32 0.023008
524288 64 0.017344
524288 128 0.015104
524288 256 0.014688
524288 512 0.015776
524288 1024 0.01584
4194304 32 0.13712
4194304 64 0.099328
4194304 128 0.093792
4194304 256 0.094688
4194304 512 0.096448
4194304 1024 0.099744